[[-0.37716671  0.14825814]
 [-0.38077566 -0.45435533]
 [-0.40329108 -0.46025354]
 [-0.31597717  0.33042328]
 [ 0.50193711 -0.35866296]
 [ 0.40967331 -0.40581575]
 [-0.49158889 -0.36664202]
 [-0.34037961 -0.34423565]
 [ 0.42425671  0.51377772]
 [ 0.58112891  0.61163888]
 [ 0.39125852 -0.40174285]
 [ 0.42279007  0.37526314]
 [ 0.43314625 -0.34067154]
 [-0.46615502 -0.58751966]
 [-0.44852635  0.32608676]
 [ 0.36449315  0.35398893]
 [ 0.23312406 -0.4608345 ]
 [ 0.47403415 -0.38805613]
 [-0.31923146 -0.35004462]
 [-0.51495909 -0.47113755]
 [-0.3906121  -0.52717635]
 [-0.41583278  0.48018653]
 [ 0.36943894 -0.29702143]
 [-0.23808615  0.34904084]
 [ 0.48994676 -0.37851915]
 [ 0.47822737  0.42479581]
 [-0.2633377  -0.64270865]
 [ 0.61264821  0.41863854]
 [-0.38865244  0.47083358]
 [ 0.40580743  0.37752642]
 [-0.45337092 -0.48351347]
 [-0.36047185  0.13283953]
 [ 0.42149673  0.63354134]
 [-0.3533592   0.53723868]
 [ 0.38598618 -0.37146034]
 [ 0.44259539  0.55404313]
 [ 0.41538394 -0.58623837]
 [-0.45276898 -0.4779798 ]
 [ 0.31222143  0.31930808]
 [-0.45755917  0.39415204]
 [-0.27691816 -0.31145833]
 [-0.47593339  0.27902678]
 [ 0.45821852  0.34557602]
 [-0.45163131 -0.2801716 ]
 [-0.33162245  0.36710894]
 [ 0.25740985  0.30020886]
 [-0.34100777 -0.37127544]
 [-0.3602569   0.4025967 ]
 [-0.24633045 -0.38448771]
 [-0.43963382 -0.57399479]
 [ 0.31786393  0.40572701]
 [ 0.3612706   0.60714443]
 [-0.31667769  0.21691157]
 [-0.48875402 -0.54217562]
 [ 0.35723524  0.40034753]
 [-0.36432282  0.49064082]
 [-0.37427228  0.37808963]
 [ 0.38619107  0.3007056 ]
 [-0.27013912  0.29060138]
 [ 0.27592823 -0.35795776]
 [-0.2883797  -0.16821284]
 [ 0.42833962 -0.25627685]
 [-0.3777704  -0.48935154]
 [-0.49356978 -0.52873447]
 [ 0.49901137 -0.23602002]
 [-0.33743242 -0.33080455]
 [ 0.34070388  0.40049611]
 [ 0.24734889  0.3988999 ]
 [-0.32911054  0.2522657 ]
 [ 0.54473971  0.40599502]
 [ 0.11379614  0.44551001]
 [-0.39249428  0.49518074]
 [ 0.57151307  0.44351159]
 [ 0.35624468 -0.43555233]
 [-0.3916799  -0.4983394 ]
 [ 0.40827461 -0.26972231]
 [-0.40091355 -0.31010818]
 [-0.26202588  0.38204622]
 [ 0.40539847  0.30313468]
 [ 0.39828234 -0.58757622]
 [-0.43078244  0.37195438]
 [-0.52340603 -0.35526549]
 [ 0.46127674  0.27970712]
 [-0.38566032 -0.50811059]
 [ 0.38210507 -0.25124406]
 [-0.42203017  0.53194495]
 [ 0.59613144 -0.37832345]
 [ 0.34253211  0.45606964]
 [ 0.40276276 -0.36332929]
 [ 0.46867437  0.33043734]
 [-0.34437523  0.46349993]
 [-0.33308806 -0.42190805]
 [ 0.38188868  0.29914515]
 [-0.36551773 -0.38412508]
 [-0.47805038 -0.42619361]
 [-0.46518087  0.43041325]
 [ 0.58399482 -0.40765096]
 [-0.44127326  0.47560682]
 [-0.37882692  0.45633929]
 [-0.46776647 -0.43716234]
 [-0.47972065 -0.50539389]
 [-0.31044148 -0.35095056]
 [-0.40273549  0.33766105]
 [ 0.48990429 -0.27979706]
 [ 0.45712828  0.38029595]
 [-0.38843526 -0.46026855]
 [-0.450735   -0.4315831 ]
 [ 0.36321265  0.48823196]
 [ 0.39667295 -0.33823452]
 [ 0.46170164  0.25986347]
 [ 0.61175957 -0.58051874]
 [-0.4568681   0.38514014]
 [-0.41662581 -0.45900954]
 [ 0.39140536  0.53957232]
 [-0.38463915  0.41308414]
 [-0.50024018 -0.54944592]
 [ 0.41582638 -0.38920351]
 [ 0.37588203 -0.46856973]
 [ 0.36656751  0.51000109]
 [-0.31198757 -0.22477447]
 [ 0.57168645  0.45357586]
 [ 0.51073068  0.38026005]
 [-0.45924051  0.37274443]
 [-0.34239055  0.31777343]
 [-0.36161491  0.35358582]
 [-0.25513051  0.37707184]
 [-0.41010069  0.43012427]
 [ 0.41561816  0.35175771]
 [-0.46249097  0.22831028]
 [ 0.40314887 -0.4406323 ]
 [-0.49275177 -0.23918331]
 [ 0.56787542  0.38002328]
 [-0.42187551 -0.43065376]
 [-0.34616845  0.50431599]
 [ 0.36283555  0.42527352]
 [-0.31502305 -0.44478989]
 [-0.45326373  0.54097254]
 [ 0.45058297  0.46626794]
 [ 0.31316998 -0.34348295]
 [ 0.38647039  0.610436  ]
 [ 0.43132173 -0.45373377]
 [ 0.40142753 -0.40282806]
 [-0.39323177 -0.51549231]
 [ 0.488437    0.40787753]
 [-0.50703681  0.49508766]
 [-0.25747019  0.43746467]
 [-0.4024859  -0.45375893]
 [ 0.33454807  0.60333607]
 [-0.33786167 -0.42472517]
 [-0.50019967  0.28202959]
 [ 0.3322862  -0.33051836]
 [ 0.47660604 -0.45290076]
 [-0.39859497  0.54635771]
 [-0.34301537  0.40330824]
 [-0.44044019 -0.42311444]
 [ 0.3482279   0.50211092]
 [-0.53661712 -0.58061675]
 [ 0.36450304  0.35937469]
 [-0.3808487  -0.31803114]
 [-0.53499358  0.4463874 ]
 [ 0.40810859  0.45845799]
 [ 0.55738481  0.41818342]
 [-0.42949593  0.52406776]
 [ 0.4027746   0.37821832]
 [ 0.39066703  0.47080348]
 [ 0.45796716 -0.33646983]
 [ 0.29860641  0.66568037]
 [ 0.41128528 -0.46111819]
 [-0.35323393  0.326076  ]
 [ 0.32137992 -0.49474197]
 [ 0.38679663 -0.3483793 ]
 [-0.3096738  -0.49937923]
 [-0.37542551 -0.23527957]
 [ 0.32933638  0.42954049]
 [ 0.51616339 -0.49881062]
 [ 0.39069926  0.43928026]
 [ 0.31141374 -0.39968668]
 [ 0.486325   -0.34882689]
 [-0.36437659 -0.24894106]
 [ 0.39929901 -0.34105843]
 [-0.39786976  0.21013687]
 [ 0.43557458 -0.22211149]
 [ 0.4235003  -0.51003472]
 [ 0.32301618  0.32007127]
 [ 0.43452019 -0.36816418]
 [ 0.44600237 -0.45396045]
 [ 0.37769847 -0.58735711]
 [ 0.51969035 -0.54267934]
 [-0.47023299 -0.42935517]
 [-0.39198587 -0.37794766]
 [-0.40833357  0.40408656]
 [ 0.30167124 -0.43251236]
 [-0.41732023 -0.31453728]
 [ 0.4193731   0.42315873]
 [-0.44744814 -0.57190247]
 [ 0.48071106  0.27367329]
 [-0.36488214 -0.51020115]
 [-0.53017257 -0.23769402]
 [ 0.37618854  0.20198613]
 [ 0.45920387  0.40452182]]