[[ 0.54097254  0.44796404]
 [-0.58061675 -0.24348403]
 [-0.36332929  0.4846854 ]
 [ 0.30313468 -0.13292307]
 [-0.49937923  0.24470946]
 [-0.27979706 -0.56365855]
 [ 0.20198613 -0.37048472]
 [ 0.54635771  0.40833968]
 [-0.4406323  -0.43392155]
 [-0.50811059  0.25368793]
 [ 0.27367329 -0.37363741]
 [ 0.43746467 -0.27428694]
 [ 0.43041325  0.45249891]
 [ 0.610436    0.43998614]
 [-0.35004462 -0.55375061]
 [-0.49881062  0.28342593]
 [ 0.29914515 -0.40617991]
 [ 0.49508766 -0.40887575]
 [ 0.25986347  0.38585044]
 [ 0.42315873 -0.35643424]
 [-0.49474197  0.25179004]
 [-0.34105843 -0.4422186 ]
 [ 0.35358582 -0.53071473]
 [ 0.30020886  0.44140328]
 [ 0.37808963 -0.18991502]
 [ 0.45606964 -0.47862224]
 [ 0.34904084  0.51177801]
 [ 0.66568037 -0.41812594]
 [-0.57399479  0.12012099]
 [-0.29702143  0.50862259]
 [-0.45290076 -0.39364536]
 [-0.46856973 -0.22184954]
 [ 0.60714443 -0.58608789]
 [ 0.36710894 -0.34285749]
 [ 0.45357586 -0.40261124]
 [ 0.37526314  0.42030368]
 [-0.43555233  0.40333016]
 [-0.40581575  0.43455932]
 [ 0.21691157  0.50179714]
 [ 0.31777343 -0.34857827]
 [ 0.52406776  0.39007223]
 [ 0.31930808  0.33302635]
 [-0.37794766  0.50089712]
 [-0.23918331 -0.56913161]
 [-0.51003472 -0.23477856]
 [ 0.37195438  0.39318276]
 [-0.43716234  0.3432502 ]
 [-0.35866296 -0.4195059 ]
 [ 0.13283953 -0.26453719]
 [ 0.50211092  0.39961346]
 [-0.42935517 -0.30641805]
 [-0.38920351 -0.3983549 ]
 [-0.33823452 -0.40348283]
 [-0.46026855  0.35266355]
 [-0.34882689 -0.32900266]
 [ 0.50431599 -0.51870765]
 [ 0.44351159 -0.45652994]
 [ 0.35937469  0.32688827]
 [ 0.40034753  0.30884949]
 [ 0.42527352  0.38544392]
 [ 0.27902678  0.45321666]
 [ 0.48018653  0.40275778]
 [-0.4983394   0.29630017]
 [-0.3483793  -0.56585185]
 [-0.38448771  0.39349606]
 [-0.2801716  -0.50236286]
 [-0.39968668  0.37106098]
 [-0.25124406  0.64509961]
 [ 0.47083358  0.38039868]
 [-0.31010818  0.54015277]
 [-0.40174285  0.37853222]
 [-0.33646983  0.47940914]
 [ 0.41308414  0.38597499]
 [-0.22477447  0.64355169]
 [-0.42619361 -0.46458489]
 [-0.36664202 -0.42338329]
 [-0.37146034  0.49599075]
 [ 0.38514014 -0.60313746]
 [ 0.46349993  0.39315255]
 [-0.46111819 -0.29780667]
 [-0.33051836 -0.47153655]
 [ 0.63354134 -0.36197775]
 [-0.58757622  0.07075093]
 [-0.54267934 -0.3232617 ]
 [ 0.22831028 -0.41826476]
 [ 0.51000109  0.46128386]
 [ 0.2522657   0.36938036]
 [-0.40282806  0.33055565]
 [ 0.48823196 -0.35056537]
 [ 0.33042328 -0.44418233]
 [-0.24894106 -0.55437334]
 [ 0.40787753 -0.33084093]
 [ 0.37821832  0.50450934]
 [-0.4315831   0.31957848]
 [-0.34067154 -0.48558009]
 [ 0.43012427  0.470111  ]
 [ 0.45845799 -0.41732352]
 [-0.54944592 -0.34654157]
 [-0.44478989  0.33217022]
 [-0.46025354 -0.29320447]
 [-0.45396045 -0.41952843]
 [-0.33080455  0.51287345]
 [ 0.4025967  -0.36120317]
 [ 0.14825814 -0.37990881]
 [-0.31145833 -0.49797576]
 [ 0.53723868 -0.51292276]
 [-0.34423565 -0.35874031]
 [ 0.55404313 -0.58291239]
 [-0.58735711 -0.25895537]
 [ 0.61163888 -0.41632554]
 [ 0.39415204  0.43303112]
 [-0.37832345 -0.3471111 ]
 [-0.23769402 -0.53071872]
 [ 0.47080348 -0.44646463]
 [ 0.40408656 -0.38401525]
 [-0.26972231  0.58771128]
 [ 0.37752642 -0.31193567]
 [-0.58751966  0.10470596]
 [ 0.53194495  0.51960189]
 [-0.45373377  0.34349645]
 [-0.37127544  0.4632714 ]
 [-0.42190805 -0.28934137]
 [ 0.28202959 -0.64615921]
 [ 0.4463874  -0.48335016]
 [-0.51549231 -0.48698558]
 [-0.22211149 -0.56382462]
 [ 0.35175771  0.4339327 ]
 [ 0.45633929 -0.6301413 ]
 [ 0.37707184  0.27858337]
 [-0.52717635  0.25815725]
 [ 0.49064082  0.37483232]
 [-0.57190247  0.1700613 ]
 [ 0.35398893  0.404802  ]
 [ 0.326076   -0.50243006]
 [-0.51020115  0.2341984 ]
 [-0.34348295  0.45634823]
 [-0.25627685 -0.50556518]
 [ 0.46626794  0.40980397]
 [ 0.27970712 -0.6081782 ]
 [-0.35526549  0.43983317]
 [-0.45900954  0.29778141]
 [-0.36816418  0.45152327]
 [ 0.40049611  0.33040729]
 [-0.42472517  0.38387202]
 [ 0.41863854  0.40250697]
 [-0.48351347  0.25231397]
 [-0.45375893 -0.33310188]
 [-0.45435533 -0.36981969]
 [ 0.49518074  0.42991142]
 [ 0.32007127  0.42336176]
 [-0.43251236 -0.34470925]
 [ 0.60333607 -0.35488266]
 [ 0.32608676  0.33562311]
 [-0.58051874 -0.21484968]
 [-0.58623837 -0.23630293]
 [ 0.47560682 -0.37897507]
 [ 0.21013687  0.44737861]
 [-0.38412508  0.42466379]
 [-0.35095056 -0.44818213]
 [ 0.40572701 -0.28764563]
 [-0.31453728 -0.3791082 ]
 [-0.4608345   0.25512126]
 [ 0.40452182  0.47262828]
 [ 0.33766105  0.43130087]
 [ 0.38002328 -0.26062609]
 [ 0.51377772 -0.36863402]
 [-0.4779798  -0.31083043]
 [-0.47113755  0.27943976]
 [-0.23527957  0.63531098]
 [ 0.40599502 -0.54200373]
 [-0.31803114  0.48777455]
 [ 0.38204622  0.36578228]
 [-0.16821284 -0.50750585]
 [ 0.29060138 -0.45339267]
 [ 0.43928026  0.44889369]
 [ 0.3007056   0.4025326 ]
 [-0.50539389  0.21486685]
 [-0.52873447  0.22479572]
 [ 0.37274443 -0.33792601]
 [ 0.42954049  0.43079073]
 [-0.23602002 -0.53851531]
 [-0.43065376  0.36441487]
 [ 0.40330824 -0.3637312 ]
 [-0.48935154  0.27377047]
 [ 0.42479581 -0.42148745]
 [ 0.38029595  0.40159116]
 [ 0.44551001  0.4101943 ]
 [-0.35795776 -0.38379334]
 [ 0.3988999   0.22705335]
 [ 0.34557602 -0.3765298 ]
 [-0.64270865 -0.24452616]
 [-0.37851915 -0.3841947 ]
 [-0.42311444 -0.36711087]
 [-0.38805613  0.43460709]
 [ 0.53957232 -0.42717367]
 [ 0.33043734  0.47976596]
 [-0.40765096 -0.33162545]
 [ 0.38026005  0.31013587]
 [-0.54217562  0.19061064]
 [ 0.41818342  0.43060919]]